    X       Y       Obs       Off       dg        Mod      Mod-dg    S-Res   Test
 340088. 3124256.  35997.0   2411.2   33585.8   33669.5     -83.7     0.02        
 340142. 3123662.  37454.0   2185.4   35268.6   35674.5    -405.8     0.11        
 340177. 3123096.  39611.0   1983.9   37627.1   37487.2     139.9     0.04        
 340254. 3122723.  41007.0   1806.0   39201.0   38595.4     605.6     0.16        
 340420. 3122348.  41329.0   1552.9   39776.1   39266.1     510.0     0.14        
 340229. 3121900.  41159.0   1576.7   39582.3   40128.9    -546.6     0.15        
 339681. 3121712.  43137.0   1978.5   41158.5   40978.3     180.2     0.05        
 339330. 3121673.  43578.0   2260.6   41317.4   41165.3     152.1     0.04        
 338906. 3121567.  43793.0   2583.5   41209.5   41233.9     -24.4     0.01        
 338531. 3121530.  44071.0   2886.3   41184.7   41278.9     -94.2     0.03        
 337660. 3121706.  44707.0   3669.4   41037.6   41313.2    -275.6     0.07        
 337167. 3121795.  45660.0   4109.3   41550.7   41623.6     -72.9     0.02        
 336778. 3122023.  46613.0   4504.5   42108.5   42041.9      66.6     0.02        
 336444. 3122156.  47790.0   4824.7   42965.3   42693.1     272.3     0.07        
 335966. 3122202.  49217.0   5239.0   43978.0   43790.4     187.6     0.05        
 340068. 3125191.  32645.0   2712.3   29932.7   30108.1    -175.4     0.05        
 340348. 3125871.  29833.0   2684.6   27148.4   27225.2     -76.7     0.02        
 340593. 3126365.  29270.0   2629.6   26640.4   26066.9     573.5     0.16        
 340969. 3126526.  27981.0   2363.6   25617.4   25812.5    -195.1     0.05        
 341271. 3126772.  26981.0   2185.5   24795.5   24977.4    -181.9     0.05        
 341986. 3126814.  27092.0   1599.4   25492.6   25820.5    -327.9     0.09        
 342314. 3126998.  27457.0   1380.6   26076.4   26096.4     -20.0     0.01        
 342725. 3126997.  28027.0   1036.1   26990.9   27071.6     -80.7     0.02        
 343938. 3127454.  30213.0    159.1   30053.9   29495.0     558.9     0.15        
 344340. 3127807.  30419.0    -70.2   30489.2   30018.4     470.8     0.13        
 344769. 3128008.  30611.0   -368.4   30979.4   30755.8     223.6     0.06        
 345224. 3128747.  29871.0   -524.8   30395.8   30911.5    -515.7     0.14        
 345405. 3129206.  30998.0   -536.8   31534.8   31255.0     279.8     0.08        
 345845. 3129494.  30865.0   -817.7   31682.8   32231.3    -548.6     0.15        
 346307. 3129796.  32111.0  -1112.9   33223.9   33355.4    -131.6     0.04        
 346527. 3130116.  32856.0  -1199.8   34055.8   33542.4     513.4     0.14        
 346543. 3130417.  32272.0  -1121.7   33393.7   32949.9     443.8     0.12        
 335536. 3122089.  50504.0   5564.8   44939.2   44662.6     276.6     0.08        
 335065. 3122343.  50886.0   6036.5   44849.5   44767.4      82.0     0.02        
 334778. 3122732.  50644.0   6395.2   44248.8   44237.8      11.0     0.00        
 334453. 3123177.  50777.0   6802.7   43974.3   43715.8     258.5     0.07        
 333965. 3123897.  49957.0   7430.4   42526.6   42054.2     472.4     0.13        
 333714. 3124248.  48838.0   7747.3   41090.7   40927.8     162.8     0.04        
 335334. 3122830.  49962.0   5959.3   44002.7   43770.0     232.7     0.06        
 335397. 3123233.  48395.0   6029.1   42365.9   42531.6    -165.7     0.04        
 335349. 3123933.  47229.0   6282.2   40946.8   40305.4     641.5     0.17        
 335191. 3124358.  45121.0   6543.7   38577.3   38805.2    -227.9     0.06        
 335505. 3124761.  42555.0   6403.3   36151.7   36102.1      49.6     0.01        
 335468. 3125137.  40959.0   6548.6   34410.4   34264.6     145.8     0.04        
 335329. 3125445.  39951.0   6758.7   33192.3   32898.5     293.8     0.08        
 336087. 3124582.  41377.0   5861.4   35515.6   35471.9      43.7     0.01        
 335989. 3123487.  45872.0   5610.5   40261.5   40441.5    -180.0     0.05        
 333191. 3122470.  50967.0   7644.7   43322.3   42907.7     414.6     0.11        
 332846. 3122614.  49054.0   7977.5   41076.5   41071.8       4.8     0.00        
 333432. 3122943.  49310.0   7586.7   41723.3   41992.9    -269.6     0.07        
 333589. 3123344.  49744.0   7577.1   42166.9   42077.5      89.3     0.02        
 333330. 3123832.  48984.0   7942.5   41041.5   40947.9      93.6     0.03        
 335027. 3121940.  50985.0   5945.8   45039.2   45022.4      16.8     0.00        
 334977. 3121187.  50568.0   5758.7   44809.3   44130.0     679.3     0.18        
 335672. 3121129.  47553.0   5159.0   42394.0   42653.4    -259.4     0.07        
 336015. 3120616.  46309.0   4715.7   41593.3   41705.9    -112.6     0.03        
 340909. 3122803.  39510.0   1281.7   38228.3   37919.1     309.1     0.08        
 341122. 3123266.  38183.0   1244.1   36938.9   36650.7     288.1     0.08        
 341584. 3123127.  37795.0    814.9   36980.1   36974.8       5.3     0.00        
 342003. 3123089.  37916.0    452.4   37463.6   37151.2     312.3     0.08        
 342730. 3123014.  37859.0   -179.3   38038.3   37805.9     232.4     0.06        
 343300. 3123182.  37477.0   -605.6   38082.6   37920.9     161.7     0.04        
 343595. 3123448.  36749.0   -771.8   37520.8   37943.6    -422.8     0.11        
 344057. 3123957.  37872.0  -1004.0   38876.0   38545.2     330.8     0.09        
 344500. 3124247.  38310.0  -1286.8   39596.8   38754.1     842.7     0.23        
 344680. 3124706.  37446.0  -1298.0   38744.0   38408.4     335.6     0.09        
 345107. 3125036.  36021.0  -1555.3   37576.3   37535.4      40.9     0.01        
 345711. 3125136.  35124.0  -2030.7   37154.8   37003.0     151.7     0.04        
 346039. 3125306.  34252.0  -2253.8   36505.8   36318.1     187.6     0.05        
 346410. 3125550.  33194.0  -2490.3   35684.3   35447.8     236.6     0.06        
 346898. 3125899.  31561.0  -2792.9   34353.9   34202.9     151.0     0.04        
 347246. 3126171.  30796.0  -3001.7   33797.7   33337.6     460.1     0.12        
 347438. 3126576.  31029.0  -3039.3   34068.3   33271.0     797.3     0.22        
 347555. 3127054.  31389.0  -2991.9   34380.9   33446.5     934.4     0.25        
 347559. 3127529.  30690.0  -2850.9   33540.9   34077.6    -536.7     0.15        
 347771. 3127966.  31400.0  -2895.5   34295.5   34061.8     233.7     0.06        
 347923. 3128434.  32551.0  -2880.5   35431.5   34513.0     918.5     0.25        
 347776. 3128855.  33644.0  -2629.4   36273.4   35357.6     915.8     0.25        
 347490. 3129269.  32975.0  -2263.9   35238.9   35476.0    -237.0     0.06        
 347246. 3129621.  33099.0  -1952.5   35051.5   35086.4     -34.8     0.01        
 347003. 3130123.  33324.0  -1596.4   34920.4   34218.2     702.2     0.19        
 346921. 3130608.  30523.0  -1380.2   31903.2   32577.1    -673.9     0.18        
 346964. 3131043.  28935.0  -1283.9   30218.9   30781.2    -562.2     0.15        
 346881. 3131390.  29186.0  -1108.9   30294.9   29400.4     894.5     0.24        
 335780. 3120305.  46225.0   4817.9   41407.1   41761.2    -354.1     0.10        
 336012. 3119985.  46746.0   4526.3   42219.7   41764.7     455.0     0.12        
 336453. 3120015.  45075.0   4166.1   40908.9   41854.6    -945.7     0.26        
 336342. 3119522.  46593.0   4109.1   42483.9   42339.8     144.1     0.04        
 336848. 3119407.  47503.0   3650.3   43852.7   42611.6    1241.1     0.34        
 336942. 3119095.  46741.0   3476.7   43264.3   42895.8     368.4     0.10        
 337360. 3119232.  45524.0   3168.3   42355.7   42876.6    -520.9     0.14        
 341136. 3125928.  30452.0   2041.9   28410.1   28142.9     267.2     0.07        
 341723. 3125511.  32553.0   1423.4   31129.6   30482.3     647.2     0.18        
 342364. 3124594.  34383.0    607.7   33775.3   34162.6    -387.4     0.11        
 342401. 3124210.  35883.0    460.0   35423.0   35314.9     108.1     0.03        
 341991. 3123442.  38166.0    569.8   37596.2   36854.4     741.7     0.20        
 342884. 3124065.  36906.0     11.3   36894.7   36474.0     420.7     0.11        
 343687. 3126883.  30407.0    195.7   30211.3   29903.2     308.1     0.08        
 344128. 3126722.  31576.0   -222.6   31798.6   31581.7     216.9     0.06        
 346460. 3131072.  30404.0   -853.0   31257.0   30605.8     651.2     0.18        
 346310. 3131816.  25724.0   -501.1   26225.1   27155.9    -930.8     0.25        
 346455. 3132303.  24529.0   -474.5   25003.5   25201.3    -197.8     0.05        
 346170. 3132821.  23088.0    -78.2   23166.2   23433.3    -267.1     0.07        
 345455. 3133044.  22692.0    588.4   22103.6   22164.7     -61.1     0.02        
 345476. 3133609.  20700.0    742.6   19957.4   19963.3      -5.9     0.00        
 345217. 3133939.  19520.0   1059.9   18460.1   18386.4      73.7     0.02        
 344713. 3134297.  19125.0   1590.9   17534.1   16153.1    1381.0     0.37        
 344374. 3135164.  14994.0   2138.5   12855.5   12316.6     538.9     0.15        
 344122. 3135813.  11430.0   2546.9    8883.1    9062.0    -178.9     0.05        
 343919. 3136388.   8120.0   2891.8    5228.2    5688.2    -460.0     0.12        
 343941. 3133014.  20505.0   1847.4   18657.6   19428.6    -770.9     0.21        
 344138. 3133446.  18561.0   1813.7   16747.3   17319.6    -572.3     0.16        
 344472. 3133860.  17992.0   1659.9   16332.1   16476.3    -144.1     0.04        
 344352. 3134172.  16468.0   1855.3   14612.7   15081.3    -468.6     0.13        
 344210. 3134707.  14647.0   2136.9   12510.1   13184.6    -674.4     0.18        
 339507. 3122184.  43200.0   2267.8   40932.2   40546.7     385.5     0.10        
 339496. 3122591.  42100.0   2400.7   39699.3   39678.7      20.5     0.01        
 339144. 3122459.  42558.0   2655.4   39902.6   39908.3      -5.7     0.00        
 343380. 3132742.  23281.0   2234.5   21046.5   20182.2     864.3     0.23        
 344202. 3132699.  25701.0   1533.0   24168.0   21847.6    2320.5     0.63        
 344799. 3132248.  25898.0    895.8   25002.2   25072.2     -70.0     0.02        
 345175. 3132032.  27568.0    515.2   27052.8   26589.5     463.3     0.13        
 345528. 3131647.  28920.0    102.5   28817.5   28392.6     425.0     0.12        
 347472. 3125597.  26207.0  -3365.5   29572.5   29767.0    -194.5     0.05        
 347822. 3126299.  24883.0  -3445.2   28328.2   29104.1    -775.9     0.21        
 348062. 3126946.  24664.0  -3449.4   28113.4   28902.8    -789.4     0.21        
 348461. 3127829.  25287.0  -3515.1   28802.1   29234.5    -432.4     0.12        
 348654. 3128902.  26197.0  -3350.5   29547.5   30168.9    -621.4     0.17        
 349205. 3129971.  26195.0  -3486.9   29681.9   29378.0     303.9     0.08        
 349465. 3131241.  24313.0  -3318.4   27631.4   27257.1     374.4     0.10        
 349381. 3132141.  22426.0  -2974.4   25400.4   25741.1    -340.7     0.09        
 341378. 3128205.  20439.0   2531.6   17907.4   18693.4    -786.0     0.21        
 341894. 3128817.  21459.0   2285.6   19173.4   19467.5    -294.1     0.08        
 343331. 3127615.  27142.0    716.5   26425.5   26886.6    -461.0     0.13        
 328753. 3129659.  22941.0  13547.9    9393.1    9316.8      76.3     0.02        
 329108. 3130673.  20432.0  13558.9    6873.1    7396.4    -523.3     0.14        
 329332. 3131232.  21081.0  13541.3    7539.7    6980.1     559.6     0.15        
 330162. 3131984.  20519.0  13074.8    7444.2    6864.9     579.3     0.16        
 330912. 3132511.  18915.0  12606.9    6308.1    6425.9    -117.7     0.03        
 331721. 3132518.  19801.0  11931.4    7869.6    7457.7     411.9     0.11        
 332456. 3132328.  20031.0  11258.1    8772.9    8858.0     -85.1     0.02        
 333224. 3132474.  19734.0  10659.2    9074.8    9016.5      58.3     0.02        
 333698. 3132743.  18378.0  10344.0    8034.0    8430.3    -396.3     0.11        
 335395. 3132806.  18798.0   8941.8    9856.2    9982.1    -125.9     0.03        
 335027. 3130551.  26328.0   8564.3   17763.7   17536.8     226.8     0.06        
 335359. 3130764.  25959.0   8351.0   17608.0   17260.5     347.4     0.09        
 335298. 3131727.  23450.0   8695.0   14755.0   14237.2     517.9     0.14        
 336457. 3132557.  20949.0   7976.6   12972.4   12451.2     521.1     0.14        
 337197. 3133041.  19884.0   7504.0   12380.0   11611.7     768.3     0.21        
 338230. 3133292.  18448.0   6715.2   11732.8   11687.5      45.3     0.01        
 339588. 3133493.  17951.0   5638.9   12312.1   12150.8     161.3     0.04        
 340385. 3133746.  17239.0   5048.3   12190.7   12229.0     -38.3     0.01        
 341189. 3134293.  16006.0   4541.2   11464.8   11494.2     -29.4     0.01        
 342525. 3133166.  19168.0   3079.6   16088.4   16568.2    -479.7     0.13        
 342263. 3133943.  17362.0   3535.3   13826.7   13615.6     211.1     0.06        
 333487. 3124614.  47598.0   8048.8   39549.2   39406.8     142.4     0.04        
 333247. 3124890.  45977.0   8333.7   37643.3   37638.9       4.4     0.00        
 333012. 3125100.  44454.0   8594.4   35859.6   35988.6    -129.0     0.04        
 332811. 3125394.  42759.0   8852.1   33906.9   34215.4    -308.6     0.08        
 332650. 3125718.  41476.0   9085.5   32390.5   32453.7     -63.2     0.02        
 332058. 3126445.  37562.0   9802.4   27759.6   27688.5      71.1     0.02        
 331741. 3126763.  35862.0  10164.6   25697.4   25468.8     228.6     0.06        
 328395. 3128242.  24176.0  13416.8   10759.2   11236.8    -477.6     0.13        
 340690. 3125960.  28221.0   2425.2   25795.8   27123.7   -1327.9     0.36        
 343374. 3126999.  28199.0    493.1   27705.9   28702.5    -996.7     0.27        
 329850. 3128402.  27765.0  12246.9   15518.1   15027.1     491.0     0.13        
 330097. 3128084.  28425.0  11943.3   16481.7   16480.7       1.0     0.00        
 330632. 3127744.  29440.0  11391.8   18048.2   18862.9    -814.7     0.22        
 329130. 3128568.  25341.0  12900.4   12440.6   12638.7    -198.1     0.05        
 328846. 3128081.  26429.0  12990.1   13438.9   12932.0     506.8     0.14        
 330130. 3129084.  26383.0  12219.7   14163.3   14245.1     -81.8     0.02        
 333331. 3125237.  45812.0   8368.9   37443.1   36552.6     890.5     0.24        
 337867. 3122007.  44579.0   3587.5   40991.5   40761.4     230.1     0.06        
 345142. 3131269.  30537.0    310.8   30226.2   29394.4     831.8     0.23        
 344909. 3130945.  29641.0    407.4   29233.6   29488.9    -255.4     0.07        
 344610. 3130604.  29513.0    554.2   28958.8   28959.6      -0.8     0.00        
 344376. 3130262.  29534.0    646.2   28887.8   28541.1     346.8     0.09        
 344031. 3130021.  28734.0    861.8   27872.2   27470.2     401.9     0.11        
 343764. 3129730.  27671.0    997.0   26674.0   26530.4     143.6     0.04        
 343196. 3129320.  25576.0   1348.0   24228.0   24352.3    -124.3     0.03        
 342805. 3129074.  24041.0   1600.7   22440.3   22730.2    -289.9     0.08        
 342454. 3128961.  22724.0   1860.3   20863.7   21183.5    -319.8     0.09        
 342108. 3129227.  21981.0   2231.0   19750.0   19938.0    -188.0     0.05        
 342378. 3128616.  23329.0   1819.1   21509.9   21451.4      58.5     0.02        
 342529. 3128222.  24245.0   1572.8   22672.2   22939.4    -267.2     0.07        
 342778. 3127757.  26351.0   1222.8   25128.2   25110.7      17.4     0.00        
 339454. 3125074.  33892.0   3191.0   30701.0   30405.9     295.1     0.08        
 338979. 3125014.  33365.0   3570.6   29794.4   30225.8    -431.4     0.12        
 339454. 3124307.  36628.0   2957.7   33670.3   33477.4     192.8     0.05        
 339416. 3123997.  37472.0   2895.3   34576.7   34555.4      21.3     0.01        
 338934. 3117716.  44510.0   1389.0   43121.0   42816.3     304.7     0.08        
 339706. 3117054.  39097.0    541.1   38555.9   38434.7     121.2     0.03        
 340575. 3117364.  37925.0    -92.5   38017.5   37960.4      57.1     0.02        
 340849. 3117672.  39595.0   -228.3   39823.3   38934.2     889.1     0.24        
 340986. 3117062.  34472.0   -528.5   35000.5   35392.5    -392.0     0.11        
 341572. 3117570.  35632.0   -864.9   36496.9   36259.1     237.8     0.06        
 339080. 3128201.  13164.0   4455.1    8708.9   14167.8   -5458.9     1.48        
 338655. 3128192.  13361.0   4808.3    8552.7   13792.8   -5240.2     1.42        
 338346. 3128058.  16148.0   5026.4   11121.6   13977.3   -2855.7     0.77        
 338016. 3127814.  18697.0   5228.6   13468.4   15340.7   -1872.3     0.51        
 337676. 3127756.  22268.0   5495.7   16772.3   16534.4     237.9     0.06        
 337022. 3127351.  25988.0   5920.3   20067.7   19621.1     446.5     0.12        
 335965. 3126751.  27906.0   6623.2   21282.8   21939.9    -657.1     0.18        
 335370. 3126427.  31085.0   7023.0   24062.0   25179.9   -1117.9     0.30        
 334603. 3126124.  39423.0   7573.2   31849.8   30915.7     934.1     0.25        
 341624. 3129257.  21549.0   2645.5   18903.5   19050.0    -146.5     0.04        
 341354. 3129655.  21866.0   2992.7   18873.3   18660.3     213.0     0.06        
 341070. 3130118.  21143.0   3371.3   17771.7   17853.5     -81.8     0.02        
 340849. 3130349.  20545.0   3626.7   16918.3   17139.7    -221.4     0.06        
 341215. 3130662.  20658.0   3415.3   17242.7   18331.3   -1088.6     0.30        
 341491. 3130917.  21755.0   3261.7   18493.3   18992.7    -499.4     0.14        
 341765. 3131228.  23481.0   3126.8   20354.2   19639.0     715.3     0.19        
 342404. 3131547.  25232.0   2688.6   22543.4   21405.3    1138.1     0.31        
 343029. 3131520.  26404.0   2156.9   24247.1   23465.6     781.5     0.21        
 343520. 3131494.  26999.0   1737.7   25261.3   24951.6     309.7     0.08        
 340881. 3122285.  38884.0   1147.7   37736.3   37810.2     -73.8     0.02        
 341103. 3121919.  37356.0    850.4   36505.6   36062.4     443.2     0.12        
 341136. 3121582.  38276.0    720.3   37555.7   36683.8     871.9     0.24        
 341486. 3121996.  33479.0    553.1   32925.9   34112.1   -1186.1     0.32        
 341811. 3122269.  31924.0    363.9   31560.1   33184.2   -1624.1     0.44        
 341584. 3121670.  33355.0    371.9   32983.1   33547.1    -564.0     0.15        
 341780. 3121247.  32874.0     79.1   32794.9   33027.9    -233.0     0.06        
 342229. 3122232.  32869.0      2.5   32866.5   33330.5    -464.1     0.13        
 342876. 3122354.  35888.0   -502.3   36390.3   35405.1     985.2     0.27        
 329950. 3130847.  21369.0  12906.6    8462.4    9269.6    -807.2     0.22        
 330303. 3131061.  21863.0  12676.0    9187.0    9599.0    -412.0     0.11        
 330390. 3130550.  24774.0  12447.8   12326.2   11279.4    1046.8     0.28        
 330741. 3130190.  25298.0  12044.3   13253.7   13356.3    -102.6     0.03        
 331224. 3129980.  28635.0  11575.9   17059.1   15375.6    1683.5     0.46        
 333502. 3126914.  37418.0   8735.6   28682.4   28258.2     424.2     0.12        
 333197. 3126707.  37566.0   8928.1   28637.9   28835.7    -197.8     0.05        
 332854. 3126546.  37492.0   9166.4   28325.6   29055.5    -729.9     0.20        
 332695. 3126196.  40501.0   9193.2   31307.8   30463.1     844.7     0.23        
 339223. 3115785.  33868.0    559.7   33308.3   33085.0     223.3     0.06        
 351436. 3131632.  18478.0  -4850.4   23328.4   23631.9    -303.5     0.08        
 351584. 3128820.  19268.0  -5829.4   25097.4   24830.3     267.1     0.07        
 349963. 3125487.  18650.0  -5485.3   24135.3   23643.8     491.5     0.13        
 348611. 3123849.  16448.0  -4851.0   21299.0   22445.9   -1146.8     0.31        
 347568. 3122396.  21630.0  -4419.3   26049.3   24957.9    1091.4     0.30        
 346464. 3120389.  16245.0  -4105.0   20350.0   21663.9   -1313.9     0.36        
 345238. 3118495.  24280.0  -3654.1   27934.1   26747.8    1186.3     0.32        
 342746. 3117329.  30216.0  -1921.4   32137.4   32007.0     130.4     0.04        
 326520. 3128835.  21312.0  15167.6    6144.4    6138.3       6.1     0.00        
 342555. 3135582.  11518.0   3789.1    7728.9    7997.5    -268.6     0.07        
 339431. 3135890.  12580.0   6499.3    6080.7    5527.5     553.2     0.15        
 336093. 3134651.  11409.0   8918.3    2490.7    3421.4    -930.7     0.25        
 334125. 3134161.  12789.0  10417.6    2371.4    2700.0    -328.6     0.09        
 327660. 3134016.  10157.0  15788.3   -5631.3   -4803.2    -828.1     0.22        
 327636. 3132135.  10805.0  15236.4   -4431.4    1175.8   -5607.2     1.52        
 338458. 3124506.  36578.0   3852.4   32725.6   32672.4      53.1     0.01        
 333339. 3128120.  33321.0   9238.9   24082.1   23848.7     233.4     0.06        
 348268. 3144348.  -6367.0   1669.8   -8036.8   -7761.2    -275.6     0.07        
 352463. 3144633.  -5949.0  -1757.0   -4192.0   -3973.6    -218.4     0.06        
 351899. 3143101.  -2946.0  -1750.5   -1195.5   -1371.0     175.5     0.05        
 355549. 3147765. -12062.0  -3389.3   -8672.7   -8401.5    -271.1     0.07        
 353568. 3145975.  -9476.0  -2274.4   -7201.6   -6948.0    -253.6     0.07        
 318640. 3139871.   7426.0  25123.5  -17697.5  -17409.1    -288.4     0.08        
 321922. 3139021.   9710.0  22116.1  -12406.1  -12125.8    -280.3     0.08        
 319430. 3134563.  13967.0  22847.7   -8880.7   -8463.9    -416.8     0.11        
 323002. 3134786.  23219.0  19923.7    3295.3   -1630.7    4926.0     1.34        
 322786. 3133035.  26437.0  19572.2    6864.8    1144.5    5720.3     1.55        
 327053. 3139807.    602.0  18057.7  -17455.7  -17220.4    -235.3     0.06        
 331719. 3140477.  -6808.0  14353.4  -21161.4  -20921.4    -239.9     0.07        
 329193. 3139036.  -1624.0  16030.8  -17654.8  -17199.2    -455.7     0.12        
 330770. 3138891.    -52.0  14665.9  -14717.9  -14664.0     -53.9     0.01        
 325145. 3137802.   8787.0  19046.0  -10259.0   -9946.7    -312.3     0.08        
 326676. 3138211.   4898.0  17888.1  -12990.1  -12735.0    -255.1     0.07        
 324193. 3136031.  15805.0  19304.8   -3499.8   -4376.9     877.1     0.24        
 337947. 3141930. -12608.0   9578.9  -22186.9  -22008.8    -178.2     0.05        
 342273. 3141867.  -7134.0   5936.5  -13070.5  -13031.0     -39.5     0.01        
 340015. 3141902. -13530.0   7838.4  -21368.4  -20689.2    -679.1     0.18        
 335869. 3141281.  -9408.0  11122.0  -20530.0  -20299.2    -230.8     0.06        
 333840. 3140263.  -6254.0  12511.8  -18765.8  -18534.3    -231.5     0.06        
 338134. 3139711.  -4074.0   8747.5  -12821.5  -12508.2    -313.3     0.09        
 334331. 3136438.   6251.0  10937.5   -4686.5   -4437.3    -249.2     0.07        
 343829. 3142097.  -7837.0   4703.2  -12540.2  -12157.3    -382.9     0.10        
 345732. 3141826.  -5150.0   3027.0   -8177.0   -7994.2    -182.8     0.05        
 347856. 3141983.  -2747.0   1295.7   -4042.7   -3781.6    -261.1     0.07        
 349819. 3142204.   -569.0   -281.2    -287.8    -642.0     354.2     0.10        
 352747. 3141244.  -4558.0  -3025.5   -1532.5    -391.3   -1141.3     0.31        
 347832. 3140105.   2009.0    744.7    1264.3    1715.1    -450.8     0.12        
 345283. 3138753.   3425.0   2468.5     956.5    1365.9    -409.5     0.11        
 348571. 3138249.   9752.0   -438.6   10190.6    9596.1     594.5     0.16        
 352436. 3138107.  16183.0  -3718.9   19901.9   13397.8    6504.1     1.76        
 350432. 3136809.  17586.0  -2435.2   20021.2   18316.4    1704.7     0.46        
 349362. 3134083.  22921.0  -2367.9   25288.9   24964.0     325.0     0.09        
 359944. 3142049.   -476.0  -8808.5    8332.5    8278.3      54.3     0.01        
 358301. 3141237.   4210.0  -7679.4   11889.4   11142.9     746.5     0.20        
 356078. 3137539.  12648.0  -6942.0   19590.0   18522.5    1067.5     0.29        
 360957. 3135635.  -2340.0 -11607.4    9267.4    8655.7     611.7     0.17        
 353689. 3133752.  15299.0  -6092.7   21391.7   21279.1     112.6     0.03        
 361552. 3132949.  -6494.0 -12922.6    6428.6    6019.9     408.6     0.11        
 363118. 3138841. -10634.0 -12442.5    1808.5    2230.9    -422.4     0.11        
 363403. 3135144. -10748.0 -13805.4    3057.4    3268.9    -211.5     0.06        
 365164. 3134416. -14301.0 -15501.7    1200.7    1182.4      18.3     0.00        
 363540. 3132895. -14214.0 -14604.0     390.0     845.0    -454.9     0.12        
 321944. 3131385.  23736.0  19775.7    3960.3    1465.4    2495.0     0.68        
 322963. 3130323.  20850.0  18599.2    2250.8    1722.9     527.9     0.14        
 322991. 3128536.  16792.0  18032.4   -1240.4   -1042.2    -198.1     0.05        
 322800. 3126692.  12176.0  17631.6   -5455.6   -4824.5    -631.1     0.17        
 319352. 3124034.  -5262.0  19711.2  -24973.2  -23785.1   -1188.1     0.32        
 319819. 3122458.  -5365.0  18840.8  -24205.8  -24009.3    -196.6     0.05        
 326642. 3126543.  23444.0  14368.4    9075.6    9083.7      -8.2     0.00        
 323972. 3124827.  14278.0  16082.9   -1804.9   -1452.4    -352.5     0.10        
 324656. 3123155.  18386.0  15001.5    3384.5    3279.7     104.8     0.03        
 327820. 3123201.  33725.0  12365.5   21359.5   20212.1    1147.4     0.31        
 326104. 3121533.  24393.0  13295.5   11097.5   10850.5     247.0     0.07        
 362113. 3129650. -11564.0 -14395.6    2831.6    2066.8     764.9     0.21        
 359959. 3127242. -11375.0 -13323.8    1948.8    1763.3     185.5     0.05        
 362501. 3125519. -26769.0 -15976.8  -10792.2  -10289.0    -503.2     0.14        
 356843. 3124232.    416.0 -11629.3   12045.3    3227.9    8817.4     2.39        
 358701. 3124549. -15927.0 -13089.1   -2837.9   -2442.2    -395.7     0.11        
 360154. 3122931. -30805.0 -14798.1  -16006.9  -10628.0   -5379.0     1.46        
 357776. 3122467. -16348.0 -12947.5   -3400.5   -3500.0      99.5     0.03        
 354322. 3120938.    499.0 -10519.5   11018.5    3794.3    7224.2     1.96        
 359857. 3120934. -31289.0 -15156.6  -16132.4  -15453.1    -679.3     0.18        
 364340. 3131347. -16446.0 -15744.8    -701.2    -459.0    -242.2     0.07        
 364180. 3129349. -18902.0 -16218.4   -2683.6   -2406.2    -277.4     0.08        
 363888. 3127659. -22378.0 -16487.7   -5890.3   -5634.9    -255.4     0.07        
 321212. 3120804.  -1574.0  17171.2  -18745.2  -18167.0    -578.1     0.16        
 321671. 3118674.    521.0  16139.0  -15618.0  -15296.6    -321.4     0.09        
 323877. 3120272.   7805.0  14777.3   -6972.3   -1460.4   -5511.9     1.50        
 326900. 3119920.  26559.0  12138.3   14420.7   14457.0     -36.3     0.01        
 326765. 3118137.  26002.0  11709.2   14292.8   13488.7     804.1     0.22        
 328939. 3117551.  37569.0   9710.2   27858.8   22992.5    4866.3     1.32        
 326899. 3116164.  22067.0  10997.0   11070.0   10707.7     362.3     0.10        
 330086. 3115780.  37392.0   8210.9   29181.1   24952.5    4228.6     1.15        
 323935. 3114976.   4384.0  13118.2   -8734.2   -8139.0    -595.2     0.16        
 327146. 3114375.  17828.0  10246.1    7581.9    7351.2     230.7     0.06        
 325169. 3113541.   6684.0  11648.3   -4964.3   -4701.7    -262.7     0.07        
 327014. 3112776.  10983.0   9870.4    1112.6    1585.0    -472.4     0.13        
 328702. 3112506.  18838.0   8374.5   10463.5    8903.7    1559.8     0.42        
 327477. 3110799.   4841.0   8881.4   -4040.4   -2952.2   -1088.3     0.30        
 329658. 3110645.  14054.0   7007.9    7046.1    6736.3     309.8     0.08        
 337621. 3114044.  27548.0   1372.1   26175.9   26532.7    -356.8     0.10        
 334036. 3113354.  29019.0   4164.9   24854.1   24706.2     148.0     0.04        
 341290. 3112978.  16677.0  -2025.1   18702.1   18910.8    -208.7     0.06        
 338120. 3110619.  19858.0    -87.4   19945.4   19378.9     566.5     0.15        
 348157. 3114335.   -667.0  -7363.9    6696.9    6626.4      70.5     0.02        
 347422. 3112344.  -4731.0  -7353.7    2622.7    2937.6    -314.8     0.09        
 344880. 3109976.   -841.0  -5944.8    5103.8    4740.0     363.8     0.10        
 347580. 3109757. -11752.0  -8272.8   -3479.2   -2993.8    -485.4     0.13        
 356658. 3120172. -17918.0 -12709.0   -5209.0   -4852.9    -356.2     0.10        
 354699. 3118348. -14220.0 -11622.9   -2597.1   -2423.6    -173.5     0.05        
 357316. 3118194. -23396.0 -13861.6   -9534.4   -9570.0      35.6     0.01        
 359836. 3119087. -30838.0 -15700.6  -15137.4  -15025.3    -112.1     0.03        
 355627. 3116090. -22353.0 -13086.7   -9266.3   -9246.2     -20.1     0.01        
 358437. 3116179. -32623.0 -15413.2  -17209.8  -16934.6    -275.2     0.07        
 356643. 3114354. -31302.0 -14465.6  -16836.4  -15944.2    -892.2     0.24        
 359918. 3114468. -36876.0 -17173.9  -19702.1  -19586.4    -115.7     0.03        
 356351. 3112819. -29069.0 -14687.8  -14381.2  -14673.8     292.6     0.08        
 355241. 3111293. -29155.0 -14222.2  -14932.8  -14740.3    -192.6     0.05        
 353309. 3109469. -32402.0 -13158.7  -19243.3  -15692.4   -3550.9     0.96        
 354813. 3109759. -33022.0 -14330.2  -18691.8  -18395.9    -295.9     0.08        
 330018. 3109100.   9421.0   6236.6    3184.4    3400.6    -216.1     0.06        
 329942. 3107501.   3227.0   5814.0   -2587.0   -2295.5    -291.5     0.08        
 330243. 3105649.    -59.0   4998.7   -5057.7   -4763.4    -294.3     0.08        
 332041. 3105378.   2978.0   3410.4    -432.4    -288.6    -143.8     0.04        
 334856. 3109464.  17413.0   2295.2   15117.8   14888.7     229.1     0.06        
 336308. 3107873.  12993.0    595.2   12397.8   11517.6     880.2     0.24        
 341791. 3107554.    905.0  -4094.1    4999.1    4922.9      76.2     0.02        
 338918. 3107100.   5795.0  -1825.8    7620.8    7518.5     102.3     0.03        
 340537. 3105631.  -1450.0  -3628.6    2178.6    2291.7    -113.1     0.03        
 333891. 3104859.   1806.0   1703.1     102.9     364.3    -261.4     0.07        
 335572. 3104036.    132.0     44.9      87.1     366.4    -279.3     0.08        
 337378. 3104196.    243.0  -1419.1    1662.1    1472.9     189.2     0.05        
 339180. 3104172.  -1822.0  -2935.7    1113.7     758.0     355.7     0.10        
 342181. 3103947. -10325.0  -5517.6   -4807.4   -4429.9    -377.5     0.10        
 337976. 3102001.  -8056.0  -2587.4   -5468.6   -4981.8    -486.7     0.13        
 351931. 3108409. -23225.0 -12326.9  -10898.1  -11463.2     565.1     0.15        
 350147. 3107661. -23319.0 -11060.1  -12258.9  -11558.9    -700.0     0.19        
 346862. 3106934. -13967.0  -8529.9   -5437.1   -5087.4    -349.8     0.09        
 348491. 3106297. -17630.0 -10087.9   -7542.1   -7855.6     313.6     0.09        
 345473. 3105135. -13327.0  -7913.5   -5413.5   -5257.6    -155.8     0.04        
 343770. 3104357. -11442.0  -6723.8   -4718.2   -4690.5     -27.7     0.01        
 349052. 3103058. -24030.0 -11542.8  -12487.2  -12393.9     -93.3     0.03        
 346003. 3101773. -26580.0  -9379.8  -17200.2  -16766.9    -433.3     0.12        
