340088 3124256 2175.71 35997 20 6100 2.2 0
340142 3123662 2156.86 37454 20 5870 2.2 0
340177 3123096 2143.85 39611 20 5912 2.2 0
340254 3122723 2121.4 41007 20 5990 2.2 0
340420 3122348 2102.92 41329 20 6605 2.2 0
340229 3121900 2068.74 41159 20 7015 2.2 0
339681 3121712 2024.79 43137 20 6357 2.2 0
339330 3121673 2010.57 43578 20 6049 2.2 0
338906 3121567 2012.6 43793 20 5977 2.2 0
338531 3121530 2011.59 44071 20 5920 2.2 0
337660 3121706 2024.59 44707 20 5980 2.2 0
337167 3121795 2034.16 45660 20 6286 2.2 0
336778 3122023 2030.97 46613 20 6279 2.2 0
336444 3122156 2024.53 47790 20 6365 2.2 0
335966 3122202 2032.71 49217 20 6136 2.2 0
340068 3125191 2213.09 32645 20 7093 2.2 0
340348 3125871 2278.19 29833 20 8011 2.2 0
340593 3126365 2294.48 29270 20 9180 2.2 0
340969 3126526 2312.06 27981 20 8589 2.2 0
341271 3126772 2318.53 26981 20 9014 2.2 0
341986 3126814 2357.75 27092 20 8170 2.2 0
342314 3126998 2360.3 27457 20 7897 2.2 0
342725 3126997 2349.01 28027 20 7610 2.2 0
343938 3127454 2301.73 30213 20 6890 2.2 0
344340 3127807 2288.73 30419 20 6613 2.2 0
344769 3128008 2274.47 30611 20 6573 2.2 0
345224 3128747 2219.18 29871 20 6130 2.2 0
345405 3129206 2189.96 30998 20 5987 2.2 0
345845 3129494 2164.06 30865 20 5918 2.2 0
346307 3129796 2146.89 32111 20 5915 2.2 0
346527 3130116 2140.6 32856 20 6007 2.2 0
346543 3130417 2136.72 32272 20 6042 2.2 0
335536 3122089 2035.14 50504 20 6181 2.2 0
335065 3122343 2046.19 50886 20 6041 2.2 0
334778 3122732 2059.67 50644 20 6062 2.2 0
334453 3123177 2072.8 50777 20 6215 2.2 0
333965 3123897 2091.28 49957 20 6460 2.2 0
333714 3124248 2087.94 48838 20 6565 2.2 0
335334 3122830 2045.89 49962 20 5849 2.2 0
335397 3123233 2063.14 48395 20 5921 2.2 0
335349 3123933 2093.5 47229 20 6247 2.2 0
335191 3124358 2126.59 45121 20 6637 2.2 0
335505 3124761 2184.95 42555 20 7409 2.2 0
335468 3125137 2248.93 40959 20 8170 2.2 0
335329 3125445 2302.16 39951 20 8862 2.2 0
336087 3124582 2211.72 41377 20 7498 2.2 0
335989 3123487 2067.92 45872 20 6063 2.2 0
333191 3122470 1936.38 50967 20 7119 2.2 0
332846 3122614 2001.21 49054 20 7734 2.2 0
333432 3122943 2064.56 49310 20 7517 2.2 0
333589 3123344 2064.18 49744 20 6944 2.2 0
333330 3123832 2061.94 48984 20 6932 2.2 0
335027 3121940 2046.64 50985 20 6442 2.2 0
334977 3121187 2093.95 50568 20 7641 2.2 0
335672 3121129 2161.36 47553 20 7855 2.2 0
336015 3120616 2196.39 46309 20 8581 2.2 0
340909 3122803 2138.6 39510 20 6555 2.2 0
341122 3123266 2210.42 38183 20 6424 2.2 0
341584 3123127 2195.37 37795 20 6861 2.2 0
342003 3123089 2198.14 37916 20 6912 2.2 0
342730 3123014 2169.05 37859 20 6902 2.2 0
343300 3123182 2172.77 37477 20 6893 2.2 0
343595 3123448 2178.69 36749 20 6790 2.2 0
344057 3123957 2141.95 37872 20 6805 2.2 0
344500 3124247 2121.49 38310 20 7123 2.2 0
344680 3124706 2080.54 37446 20 6336 2.2 0
345107 3125036 2099.77 36021 20 6005 2.2 0
345711 3125136 2090.4 35124 20 6235 2.2 0
346039 3125306 2083.51 34252 20 6260 2.2 0
346410 3125550 2067.87 33194 20 6357 2.2 0
346898 3125899 2062.58 31561 20 6772 2.2 0
347246 3126171 2046.48 30796 20 6309 2.2 0
347438 3126576 2047.09 31029 20 6429 2.2 0
347555 3127054 2046.44 31389 20 6324 2.2 0
347559 3127529 2051.76 30690 20 6282 2.2 0
347771 3127966 2068.19 31400 20 5997 2.2 0
347923 3128434 2080.49 32551 20 6112 2.2 0
347776 3128855 2087.93 33644 20 6105 2.2 0
347490 3129269 2082.8 32975 20 5894 2.2 0
347246 3129621 2087.11 33099 20 5747 2.2 0
347003 3130123 2094.19 33324 20 5800 2.2 0
346921 3130608 2092.75 30523 20 5982 2.2 0
346964 3131043 2097.5 28935 20 6423 2.2 0
346881 3131390 2077.8 29186 20 6417 2.2 0
335780 3120305 2201.54 46225 20 8599 2.2 0
336012 3119985 2189.69 46746 20 8648 2.2 0
336453 3120015 2156.32 45075 20 8394 2.2 0
336342 3119522 2123.2 46593 20 8029 2.2 0
336848 3119407 2089.87 47503 20 7529 2.2 0
336942 3119095 2067.43 46741 20 7804 2.2 0
337360 3119232 2033.77 45524 20 7670 2.2 0
341136 3125928 2259.74 30452 20 7138 2.2 0
341723 3125511 2246.54 32553 20 6418 2.2 0
342364 3124594 2198.03 34383 20 5873 2.2 0
342401 3124210 2210.13 35883 20 5930 2.2 0
341991 3123442 2212.09 38166 20 6303 2.2 0
342884 3124065 2192.76 36906 20 5951 2.2 0
343687 3126883 2282.87 30407 20 6604 2.2 0
344128 3126722 2229.78 31576 20 6125 2.2 0
346460 3131072 2126.83 30404 20 6246 2.2 0
346310 3131816 2060.18 25724 20 6379 2.2 0
346455 3132303 2020.84 24529 20 6660 2.2 0
346170 3132821 1947.29 23088 20 6717 2.2 0
345455 3133044 1898.05 22692 20 6545 2.2 0
345476 3133609 1837.3 20700 20 6943 2.2 0
345217 3133939 1793.97 19520 20 7377 2.2 0
344713 3134297 1749.67 19125 20 8508 2.2 0
344374 3135164 1638.44 14994 20 9216 2.2 0
344122 3135813 1578.92 11430 20 9544 2.2 0
343919 3136388 1592.27 8120 20 10522 2.2 0
343941 3133014 2084.93 20505 20 7946 2.2 0
344138 3133446 2068.32 18561 20 8443 2.2 0
344472 3133860 2041.37 17992 20 10130 2.2 0
344352 3134172 1996.81 16468 20 10077 2.2 0
344210 3134707 1895.69 14647 20 9990 2.2 0
339507 3122184 2012.1 43200 20 5679 2.2 0
339496 3122591 2013.86 42100 20 5680 2.2 0
339144 3122459 2009.9 42558 20 5563 2.2 0
343380 3132742 2037.36 23281 20 6985 2.2 0
344202 3132699 2057.73 25701 20 8309 2.2 0
344799 3132248 2072.19 25898 20 6652 2.2 0
345175 3132032 2050.28 27568 20 6346 2.2 0
345528 3131647 2076.52 28920 20 6252 2.2 0
347472 3125597 2288.54 26207 20 8793 2.2 0
347822 3126299 2280.9 24883 20 8796 2.2 0
348062 3126946 2307.59 24664 20 8785 2.2 0
348461 3127829 2272.99 25287 20 7714 2.2 0
348654 3128902 2291.9 26197 20 7559 2.2 0
349205 3129971 2312.05 26195 20 7860 2.2 0
349465 3131241 2268.48 24313 20 7993 2.2 0
349381 3132141 2214.61 22426 20 8569 2.2 0
341378 3128205 2723.71 20439 20 13019 2.2 0
341894 3128817 2568.01 21459 20 11264 2.2 0
343331 3127615 2458.63 27142 20 8542 2.2 0
328753 3129659 1651.16 22941 20 5254 2.2 0
329108 3130673 1609.74 20432 20 5210 2.2 0
329332 3131232 1591.96 21081 20 4910 2.2 0
330162 3131984 1536.41 20519 20 4922 2.2 0
330912 3132511 1548.5 18915 20 5370 2.2 0
331721 3132518 1557.43 19801 20 5796 2.2 0
332456 3132328 1588.73 20031 20 5888 2.2 0
333224 3132474 1602.67 19734 20 6378 2.2 0
333698 3132743 1583.87 18378 20 6725 2.2 0
335395 3132806 1537.8 18798 20 6610 2.2 0
335027 3130551 1984.38 26328 20 8727 2.2 0
335359 3130764 1912.43 25959 20 8787 2.2 0
335298 3131727 1690.31 23450 20 7297 2.2 0
336457 3132557 1528.08 20949 20 7227 2.2 0
337197 3133041 1513.53 19884 20 7091 2.2 0
338230 3133292 1525.85 18448 20 7154 2.2 0
339588 3133493 1619.53 17951 20 7318 2.2 0
340385 3133746 1645.46 17239 20 7103 2.2 0
341189 3134293 1601.61 16006 20 6983 2.2 0
342525 3133166 1994.8 19168 20 8043 2.2 0
342263 3133943 1828.21 17362 20 7649 2.2 0
333487 3124614 2083.82 47598 20 6666 2.2 0
333247 3124890 2088.61 45977 20 6808 2.2 0
333012 3125100 2086.41 44454 20 6993 2.2 0
332811 3125394 2065.42 42759 20 6945 2.2 0
332650 3125718 2043.98 41476 20 6889 2.2 0
332058 3126445 1989.16 37562 20 6825 2.2 0
331741 3126763 1961.92 35862 20 6698 2.2 0
328395 3128242 1587.98 24176 20 5096 2.2 0
340690 3125960 2314.96 28221 20 7967 2.2 0
343374 3126999 2309.99 28199 20 6979 2.2 0
329850 3128402 1748.19 27765 20 5535 2.2 0
330097 3128084 1785.82 28425 20 5883 2.2 0
330632 3127744 1860.76 29440 20 6173 2.2 0
329130 3128568 1668.15 25341 20 5172 2.2 0
328846 3128081 1615.25 26429 20 5107 2.2 0
330130 3129084 1775.92 26383 20 5505 2.2 0
333331 3125237 2096.35 45812 20 6955 2.2 0
337867 3122007 2036.29 44579 20 5681 2.2 0
345142 3131269 2120.63 30537 20 6251 2.2 0
344909 3130945 2145.24 29641 20 6277 2.2 0
344610 3130604 2178.54 29513 20 6335 2.2 0
344376 3130262 2192.17 29534 20 6340 2.2 0
344031 3130021 2216.11 28734 20 6495 2.2 0
343764 3129730 2245.84 27671 20 6789 2.2 0
343196 3129320 2329.97 25576 20 7502 2.2 0
342805 3129074 2380.82 24041 20 8131 2.2 0
342454 3128961 2439.91 22724 20 9015 2.2 0
342108 3129227 2442.48 21981 20 9744 2.2 0
342378 3128616 2499.83 23329 20 9632 2.2 0
342529 3128222 2465.51 24245 20 9120 2.2 0
342778 3127757 2434.17 26351 20 8302 2.2 0
339454 3125074 2273.38 33892 20 7664 2.2 0
338979 3125014 2355.16 33365 20 8436 2.2 0
339454 3124307 2180.57 36628 20 6560 2.2 0
339416 3123997 2166.19 37472 20 6270 2.2 0
338934 3117716 1694.63 44510 20 6049 2.2 0
339706 3117054 1624.67 39097 20 5920 2.2 0
340575 3117364 1678.29 37925 20 5797 2.2 0
340849 3117672 1685.16 39595 20 6731 2.2 0
340986 3117062 1673.63 34472 20 5563 2.2 0
341572 3117570 1744.35 35632 20 5668 2.2 0
339080 3128201 3547.89 13164 20 31379 2.2 0
338655 3128192 3503.3 13361 20 29602 2.2 0
338346 3128058 3397.8 16148 20 25991 2.2 0
338016 3127814 3292.28 18697 20 23271 2.2 0
337676 3127756 3191.48 22268 20 20772 2.2 0
337022 3127351 3054.31 25988 20 17828 2.2 0
335965 3126751 2885.18 27906 20 17232 2.2 0
335370 3126427 2639.5 31085 20 13413 2.2 0
334603 3126124 2355.64 39423 20 9548 2.2 0
341624 3129257 2567.75 21549 20 12790 2.2 0
341354 3129655 2575.92 21866 20 13896 2.2 0
341070 3130118 2535.03 21143 20 14499 2.2 0
340849 3130349 2499.41 20545 20 14465 2.2 0
341215 3130662 2300.42 20658 20 10601 2.2 0
341491 3130917 2240.13 21755 20 9277 2.2 0
341765 3131228 2177.4 23481 20 8344 2.2 0
342404 3131547 2108.42 25232 20 7176 2.2 0
343029 3131520 2117.47 26404 20 6803 2.2 0
343520 3131494 2136.4 26999 20 6730 2.2 0
340881 3122285 2225.57 38884 20 7638 2.2 0
341103 3121919 2420.93 37356 20 10311 2.2 0
341136 3121582 2326.47 38276 20 9183 2.2 0
341486 3121996 2544.51 33479 20 13207 2.2 0
341811 3122269 2718.38 31924 20 18651 2.2 0
341584 3121670 2604.99 33355 20 14580 2.2 0
341780 3121247 2528.23 32874 20 13338 2.2 0
342229 3122232 2612.35 32869 20 14405 2.2 0
342876 3122354 2393.16 35888 20 9997 2.2 0
329950 3130847 1663.12 21369 20 5227 2.2 0
330303 3131061 1684.59 21863 20 5293 2.2 0
330390 3130550 1724.31 24774 20 5457 2.2 0
330741 3130190 1777.82 25298 20 5660 2.2 0
331224 3129980 1830.69 28635 20 5859 2.2 0
333502 3126914 2215.91 37418 20 8160 2.2 0
333197 3126707 2185.17 37566 20 7873 2.2 0
332854 3126546 2129.03 37492 20 7705 2.2 0
332695 3126196 2065.97 40501 20 7159 2.2 0
339223 3115785 1396.29 33868 100 4487 2.2 0
351436 3131632 2281.61 18478 100 9214 2.2 0
351584 3128820 2120.43 19268 100 8194 2.2 0
349963 3125487 1940.66 18650 100 7201 2.2 0
348611 3123849 1865.69 16448 100 7004 2.2 0
347568 3122396 1713.39 21630 100 6476 2.2 0
346464 3120389 1560.24 16245 100 6526 2.2 0
345238 3118495 1564.34 24280 100 5873 2.2 0
342746 3117329 1696.99 30216 100 5666 2.2 0
326520 3128835 1397.63 21312 100 4334 2.2 0
342555 3135582 1585.69 11518 100 7056 2.2 0
339431 3135890 1224.15 12580 100 5106 2.2 0
336093 3134651 1153.07 11409 100 5426 2.2 0
334125 3134161 1290.4 12789 100 5839 2.2 0
327660 3134016 1200.06 10157 100 4185 2.2 0
327636 3132135 1368.34 10805 100 4143 2.2 0
338458 3124506 2268.67 36578 100 7846 2.2 0
333339 3128120 2173.84 33321 100 8059 2.2 0
348268 3144348 14.8 -6367 100 2577 2.2 0
352463 3144633 282.1 -5949 100 4383 2.2 0
351899 3143101 233.5 -2946 100 3997 2.2 0
355549 3147765 278.1 -12062 100 3369 2.2 0
353568 3145975 264.3 -9476 100 3084 2.2 0
318640 3139871 119.3 7426 100 1604 2.2 0
321922 3139021 105.6 9710 100 2955 2.2 0
319430 3134563 690 13967 100 3219 2.2 0
323002 3134786 1003 23219 100 3482 2.2 0
322786 3133035 1086.5 26437 100 3698 2.2 0
327053 3139807 14.1 602 100 4517 2.2 0
331719 3140477 162.1 -6808 100 3368 2.2 0
329193 3139036 438 -1624 100 4823 2.2 0
330770 3138891 293.2 -52 100 5346 2.2 0
325145 3137802 620.1 8787 100 3804 2.2 0
326676 3138211 557.5 4898 100 4470 2.2 0
324193 3136031 889 15805 100 3536 2.2 0
337947 3141930 66.1 -12608 100 3657 2.2 0
342273 3141867 75.8 -7134 100 7385 2.2 0
340015 3141902 110.6 -13530 100 5072 2.2 0
335869 3141281 191.5 -9408 100 3158 2.2 0
333840 3140263 223.6 -6254 100 3328 2.2 0
338134 3139711 490.1 -4074 100 4011 2.2 0
334331 3136438 777 6251 100 4648 2.2 0
343829 3142097 147.3 -7837 100 4169 2.2 0
345732 3141826 195.8 -5150 100 3511 2.2 0
347856 3141983 202.6 -2747 100 3346 2.2 0
349819 3142204 211 -569 100 3488 2.2 0
352747 3141244 475 -4558 100 5487 2.2 0
347832 3140105 458.1 2009 100 4263 2.2 0
345283 3138753 665 3425 100 5310 2.2 0
348571 3138249 915 9752 100 5298 2.2 0
352436 3138107 1070 16183 100 5265 2.2 0
350432 3136809 1281.1 17586 100 5733 2.2 0
349362 3134083 1625 22921 100 6994 2.2 0
359944 3142049 1693 -476 100 9189 2.2 0
358301 3141237 1682.5 4210 100 8024 2.2 0
356078 3137539 1997.6 12648 100 13234 2.2 0
360957 3135635 461.6 -2340 100 3921 2.2 0
353689 3133752 2222.6 15299 100 11220 2.2 0
361552 3132949 286.8 -6494 100 3430 2.2 0
363118 3138841 460 -10634 100 4370 2.2 0
363403 3135144 205 -10748 100 2530 2.2 0
365164 3134416 57.6 -14301 100 1901 2.2 0
363540 3132895 107.8 -14214 100 2306 2.2 0
321944 3131385 930.6 23736 100 3195 2.2 0
322963 3130323 946.3 20850 100 3463 2.2 0
322991 3128536 990.6 16792 100 3939 2.2 0
322800 3126692 786.8 12176 100 3796 2.2 0
319352 3124034 6.8 -5262 100 2319 2.2 0
319819 3122458 10 -5365 100 2121 2.2 0
326642 3126543 1260 23444 100 4431 2.2 0
323972 3124827 683.5 14278 100 3643 2.2 0
324656 3123155 596.3 18386 100 3795 2.2 0
327820 3123201 1025.3 33725 100 4552 2.2 0
326104 3121533 597.8 24393 100 3887 2.2 0
362113 3129650 475 -11564 100 3441 2.2 0
359959 3127242 502 -11375 100 3546 2.2 0
362501 3125519 23.5 -26769 100 2792 2.2 0
356843 3124232 700 416 100 3811 2.2 0
358701 3124549 480.1 -15927 100 3407 2.2 0
360154 3122931 41.8 -30805 100 2741 2.2 0
357776 3122467 378 -16348 100 3194 2.2 0
354322 3120938 700 499 100 4048 2.2 0
359857 3120934 56.8 -31289 100 2389 2.2 0
364340 3131347 61.6 -16446 100 2032 2.2 0
364180 3129349 21.8 -18902 100 3288 2.2 0
363888 3127659 35.8 -22378 100 2553 2.2 0
321212 3120804 82 -1574 100 2180 2.2 0
321671 3118674 15.3 521 100 1982 2.2 0
323877 3120272 257 7805 100 2930 2.2 0
326900 3119920 547.1 26559 100 4340 2.2 0
326765 3118137 507.1 26002 100 3604 2.2 0
328939 3117551 835 37569 100 5102 2.2 0
326899 3116164 430 22067 100 3163 2.2 0
330086 3115780 902 37392 100 4051 2.2 0
323935 3114976 79.8 4384 100 2150 2.2 0
327146 3114375 335.5 17828 100 3019 2.2 0
325169 3113541 83.8 6684 100 2038 2.2 0
327014 3112776 149.3 10983 100 2389 2.2 0
328702 3112506 232.8 18838 100 2887 2.2 0
327477 3110799 93.3 4841 100 1920 2.2 0
329658 3110645 144.6 14054 100 2614 2.2 0
337621 3114044 1258 27548 100 3817 2.2 0
334036 3113354 1030 29019 100 3739 2.2 0
341290 3112978 1021 16677 100 3809 2.2 0
338120 3110619 840 19858 100 4095 2.2 0
348157 3114335 650 -667 100 3012 2.2 0
347422 3112344 533 -4731 100 2366 2.2 0
344880 3109976 540 -841 100 2226 2.2 0
347580 3109757 335 -11752 100 1786 2.2 0
356658 3120172 363 -17918 100 3026 2.2 0
354699 3118348 383 -14220 100 2718 2.2 0
357316 3118194 215 -23396 100 2031 2.2 0
359836 3119087 20.8 -30838 100 1900 2.2 0
355627 3116090 232 -22353 100 1950 2.2 0
358437 3116179 21.6 -32623 100 1514 2.2 0
356643 3114354 67 -31302 100 1610 2.2 0
359918 3114468 22.1 -36876 100 1945 2.2 0
356351 3112819 72.3 -29069 100 1351 2.2 0
355241 3111293 53.3 -29155 100 1257 2.2 0
353309 3109469 46.8 -32402 100 1186 2.2 0
354813 3109759 48.3 -33022 100 1144 2.2 0
330018 3109100 85.1 9421 100 2089 2.2 0
329942 3107501 46.6 3227 100 1647 2.2 0
330243 3105649 32.8 -59 100 1186 2.2 0
332041 3105378 106.5 2978 100 1448 2.2 0
334856 3109464 630 17413 100 2712 2.2 0
336308 3107873 388 12993 100 2151 2.2 0
341791 3107554 376 905 100 1919 2.2 0
338918 3107100 559 5795 100 2334 2.2 0
340537 3105631 248 -1450 100 1616 2.2 0
333891 3104859 152.6 1806 100 1216 2.2 0
335572 3104036 134.6 132 100 1101 2.2 0
337378 3104196 181.1 243 100 1137 2.2 0
339180 3104172 171.1 -1822 100 1098 2.2 0
342181 3103947 126 -10325 100 1165 2.2 0
337976 3102001 73 -8056 100 823 2.2 0
351931 3108409 80.1 -23225 100 1129 2.2 0
350147 3107661 94.8 -23319 100 1230 2.2 0
346862 3106934 228.1 -13967 100 1336 2.2 0
348491 3106297 135.5 -17630 100 1108 2.2 0
345473 3105135 136.6 -13327 100 1195 2.2 0
343770 3104357 142.2 -11442 100 1169 2.2 0
349052 3103058 14.8 -24030 100 751 2.2 0
346003 3101773 15 -26580 100 727 2.2 0
